0 0.0
0 0.00142857142857
0 0.00285714285714
0 0.00428571428571
0 0.00571428571429
0 0.00714285714286
0 0.00857142857143
0 0.01
0 0.0114285714286
0 0.0128571428571
0 0.0142857142857
0 0.0157142857143
0 0.0171428571429
0 0.0185714285714
0 0.02
0 0.0214285714286
0 0.0228571428571
0 0.0242857142857
0 0.0257142857143
0 0.0271428571429
0 0.0285714285714
0 0.03
0 0.0314285714286
0 0.0328571428571
0 0.0342857142857
0 0.0357142857143
0 0.0371428571429
0 0.0385714285714
0 0.04
0 0.0414285714286
0 0.0428571428571
0 0.0442857142857
0 0.0457142857143
0 0.0471428571429
0 0.0485714285714
0 0.05
0 0.0514285714286
0 0.0528571428571
0 0.0542857142857
0 0.0557142857143
0 0.0571428571429
0 0.0585714285714
0 0.06
0 0.0614285714286
0 0.0628571428571
0 0.0642857142857
0 0.0657142857143
0 0.0671428571429
0 0.0685714285714
0 0.07
0 0.0714285714286
0 0.0728571428571
0 0.0742857142857
0 0.0757142857143
0 0.0771428571429
0 0.0785714285714
0 0.08
0 0.0814285714286
0 0.0828571428571
0 0.0842857142857
0 0.0857142857143
0 0.0871428571429
0 0.0885714285714
0 0.09
0 0.0914285714286
0 0.0928571428571
0 0.0942857142857
0 0.0957142857143
0 0.0971428571429
0 0.0985714285714
0 0.1
0 0.101428571429
0 0.102857142857
0 0.104285714286
0 0.105714285714
0 0.107142857143
0 0.108571428571
0 0.11
0 0.111428571429
0 0.112857142857
0 0.114285714286
0 0.115714285714
0 0.117142857143
0 0.118571428571
0 0.12
0 0.121428571429
0 0.122857142857
0 0.124285714286
0 0.125714285714
0 0.127142857143
0 0.128571428571
0 0.13
0 0.131428571429
0 0.132857142857
0 0.134285714286
0 0.135714285714
0 0.137142857143
0 0.138571428571
0 0.14
0 0.141428571429
0 0.142857142857
0 0.144285714286
0 0.145714285714
0 0.147142857143
0 0.148571428571
89.2109870911 0.15
98.2708930969 0.151428571429
99.4620323181 0.152857142857
99.8558998108 0.154285714286
99.9400615692 0.155714285714
100.50702095 0.157142857143
100.886106491 0.158571428571
109.467029572 0.16
109.893083572 0.161428571429
113.442182541 0.162857142857
114.753007889 0.164285714286
117.511987686 0.165714285714
117.976903915 0.167142857143
118.061065674 0.168571428571
118.709802628 0.17
122.403860092 0.171428571429
123.629808426 0.172857142857
128.140926361 0.174285714286
132.495164871 0.175714285714
136.677980423 0.177142857143
138.564109802 0.178571428571
144.907951355 0.18
145.641088486 0.181428571429
150.212049484 0.182857142857
154.793024063 0.184285714286
156.373977661 0.185714285714
163.684844971 0.187142857143
164.503097534 0.188571428571
166.437149048 0.19
168.334960938 0.191428571429
169.093132019 0.192857142857
169.850111008 0.194285714286
170.053958893 0.195714285714
171.538114548 0.197142857143
174.427032471 0.198571428571
178.780078888 0.2
179.144859314 0.201428571429
179.519891739 0.202857142857
179.665088654 0.204285714286
179.808855057 0.205714285714
181.086063385 0.207142857143
181.838989258 0.208571428571
181.950807571 0.21
182.476043701 0.211428571429
183.151960373 0.212857142857
183.31193924 0.214285714286
183.912038803 0.215714285714
184.060096741 0.217142857143
184.242010117 0.218571428571
186.247825623 0.22
186.271905899 0.221428571429
186.733961105 0.222857142857
188.382863998 0.224285714286
188.591957092 0.225714285714
190.541028976 0.227142857143
190.643072128 0.228571428571
191.236019135 0.23
192.243099213 0.231428571429
194.051027298 0.232857142857
194.733858109 0.234285714286
195.946931839 0.235714285714
195.965051651 0.237142857143
196.802139282 0.238571428571
197.121143341 0.24
201.443910599 0.241428571429
204.707860947 0.242857142857
208.365917206 0.244285714286
214.433908463 0.245714285714
215.665102005 0.247142857143
216.140985489 0.248571428571
218.914985657 0.25
219.29693222 0.251428571429
219.397068024 0.252857142857
224.771022797 0.254285714286
225.773096085 0.255714285714
226.188898087 0.257142857143
228.810071945 0.258571428571
239.924907684 0.26
240.076065063 0.261428571429
242.473125458 0.262857142857
242.995023727 0.264285714286
243.870019913 0.265714285714
249.68290329 0.267142857143
253.290891647 0.268571428571
256.25705719 0.27
259.094953537 0.271428571429
259.696006775 0.272857142857
264.359951019 0.274285714286
266.264200211 0.275714285714
269.822120667 0.277142857143
270.816087723 0.278571428571
272.383928299 0.28
272.896051407 0.281428571429
274.330854416 0.282857142857
282.785892487 0.284285714286
289.149999619 0.285714285714
289.924144745 0.287142857143
294.162988663 0.288571428571
299.72410202 0.29
300.337076187 0.291428571429
303.436040878 0.292857142857
304.311037064 0.294285714286
304.616928101 0.295714285714
304.904937744 0.297142857143
304.980993271 0.298571428571
305.055141449 0.3
306.89907074 0.301428571429
307.001829147 0.302857142857
311.308860779 0.304285714286
312.678813934 0.305714285714
314.401865005 0.307142857143
316.352128983 0.308571428571
316.895008087 0.31
318.191051483 0.311428571429
318.542957306 0.312857142857
320.222139359 0.314285714286
320.405006409 0.315714285714
320.611000061 0.317142857143
336.678981781 0.318571428571
338.60206604 0.32
339.544057846 0.321428571429
343.883991241 0.322857142857
344.319820404 0.324285714286
347.530841827 0.325714285714
347.57900238 0.327142857143
350.770950317 0.328571428571
353.07097435 0.33
358.267068863 0.331428571429
359.857082367 0.332857142857
360.028982162 0.334285714286
362.943887711 0.335714285714
366.677999496 0.337142857143
367.238044739 0.338571428571
367.626905441 0.34
367.798089981 0.341428571429
369.328975677 0.342857142857
369.813919067 0.344285714286
377.061128616 0.345714285714
380.470991135 0.347142857143
380.727052689 0.348571428571
380.848884583 0.35
381.708145142 0.351428571429
381.916999817 0.352857142857
387.663125992 0.354285714286
393.618822098 0.355714285714
393.815994263 0.357142857143
397.946119308 0.358571428571
399.085044861 0.36
399.749994278 0.361428571429
399.951934814 0.362857142857
402.802944183 0.364285714286
403.305053711 0.365714285714
403.846979141 0.367142857143
404.628038406 0.368571428571
405.255079269 0.37
405.870914459 0.371428571429
405.971050262 0.372857142857
406.713008881 0.374285714286
408.017158508 0.375714285714
410.168170929 0.377142857143
411.988019943 0.378571428571
412.102937698 0.38
419.533967972 0.381428571429
420.130968094 0.382857142857
420.244932175 0.384285714286
420.35317421 0.385714285714
420.785903931 0.387142857143
422.078132629 0.388571428571
423.284053802 0.39
423.416852951 0.391428571429
426.560163498 0.392857142857
431.449890137 0.394285714286
431.627035141 0.395714285714
431.700944901 0.397142857143
432.393074036 0.398571428571
433.595895767 0.4
434.494972229 0.401428571429
434.927225113 0.402857142857
434.961080551 0.404285714286
438.618898392 0.405714285714
443.624019623 0.407142857143
448.458909988 0.408571428571
450.165987015 0.41
451.0409832 0.411428571429
452.76594162 0.412857142857
453.51099968 0.414285714286
454.513788223 0.415714285714
457.94916153 0.417142857143
459.925889969 0.418571428571
462.444782257 0.42
468.252897263 0.421428571429
469.022989273 0.422857142857
469.82884407 0.424285714286
480.51905632 0.425714285714
484.397172928 0.427142857143
489.930868149 0.428571428571
493.487119675 0.43
500.497102737 0.431428571429
501.240968704 0.432857142857
501.254081726 0.434285714286
501.410007477 0.435714285714
501.940965652 0.437142857143
502.030849457 0.438571428571
502.082824707 0.44
502.156972885 0.441428571429
506.165981293 0.442857142857
511.421918869 0.444285714286
515.899181366 0.445714285714
519.772052765 0.447142857143
519.965171814 0.448571428571
520.035028458 0.45
523.720979691 0.451428571429
528.307914734 0.452857142857
529.783964157 0.454285714286
530.31206131 0.455714285714
536.592960358 0.457142857143
536.679029465 0.458571428571
538.20681572 0.46
538.301944733 0.461428571429
539.590120316 0.462857142857
539.963960648 0.464285714286
539.991855621 0.465714285714
540.073156357 0.467142857143
540.401220322 0.468571428571
540.980100632 0.47
541.265010834 0.471428571429
545.036077499 0.472857142857
547.900915146 0.474285714286
547.960996628 0.475714285714
548.142910004 0.477142857143
559.026956558 0.478571428571
559.872150421 0.48
562.308073044 0.481428571429
562.781095505 0.482857142857
562.786817551 0.484285714286
564.110040665 0.485714285714
569.697141647 0.487142857143
570.257902145 0.488571428571
574.488162994 0.49
576.220989227 0.491428571429
576.526880264 0.492857142857
577.122926712 0.494285714286
577.147960663 0.495714285714
578.074216843 0.497142857143
582.001924515 0.498571428571
585.038900375 0.5
585.210084915 0.501428571429
586.041927338 0.502857142857
586.729049683 0.504285714286
590.817928314 0.505714285714
591.468095779 0.507142857143
595.827817917 0.508571428571
596.464157104 0.51
596.830129623 0.511428571429
598.539829254 0.512857142857
598.695039749 0.514285714286
602.388858795 0.515714285714
602.560997009 0.517142857143
603.142976761 0.518571428571
606.2271595 0.52
607.115983963 0.521428571429
609.537124634 0.522857142857
610.298156738 0.524285714286
611.02104187 0.525714285714
611.035108566 0.527142857143
611.863851547 0.528571428571
612.26606369 0.53
613.71588707 0.531428571429
613.717079163 0.532857142857
613.968849182 0.534285714286
614.028930664 0.535714285714
615.711927414 0.537142857143
615.95916748 0.538571428571
616.50800705 0.54
616.651058197 0.541428571429
619.228839874 0.542857142857
621.902942657 0.544285714286
625.746011734 0.545714285714
627.501010895 0.547142857143
629.741191864 0.548571428571
631.121873856 0.55
632.827043533 0.551428571429
641.947984695 0.552857142857
643.414974213 0.554285714286
643.460035324 0.555714285714
644.373893738 0.557142857143
646.330118179 0.558571428571
647.033214569 0.56
649.181127548 0.561428571429
649.519920349 0.562857142857
650.236129761 0.564285714286
650.511026382 0.565714285714
655.244112015 0.567142857143
655.292987823 0.568571428571
655.606031418 0.57
656.886816025 0.571428571429
658.087015152 0.572857142857
661.40794754 0.574285714286
663.352966309 0.575714285714
664.011955261 0.577142857143
668.56098175 0.578571428571
668.64323616 0.58
672.338962555 0.581428571429
674.829006195 0.582857142857
676.302909851 0.584285714286
677.54983902 0.585714285714
677.572965622 0.587142857143
681.915998459 0.588571428571
681.942939758 0.59
684.678077698 0.591428571429
684.854030609 0.592857142857
685.082197189 0.594285714286
685.118198395 0.595714285714
688.184976578 0.597142857143
693.59087944 0.598571428571
693.624973297 0.6
697.214126587 0.601428571429
697.25394249 0.602857142857
703.438043594 0.604285714286
703.765153885 0.605714285714
705.323219299 0.607142857143
706.548929214 0.608571428571
715.754985809 0.61
715.987920761 0.611428571429
716.122865677 0.612857142857
716.454029083 0.614285714286
716.526985168 0.615714285714
717.122077942 0.617142857143
718.171834946 0.618571428571
719.381093979 0.62
719.696998596 0.621428571429
721.498966217 0.622857142857
722.326040268 0.624285714286
725.279092789 0.625714285714
726.516008377 0.627142857143
727.797031403 0.628571428571
727.931976318 0.63
730.710029602 0.631428571429
735.943078995 0.632857142857
737.84995079 0.634285714286
740.499973297 0.635714285714
754.479885101 0.637142857143
762.883901596 0.638571428571
763.496160507 0.64
776.230812073 0.641428571429
780.153989792 0.642857142857
790.045976639 0.644285714286
803.633928299 0.645714285714
808.534145355 0.647142857143
841.688156128 0.648571428571
879.911899567 0.65
889.693021774 0.651428571429
890.884160995 0.652857142857
894.955873489 0.654285714286
926.025867462 0.655714285714
965.323925018 0.657142857143
1006.26897812 0.658571428571
1013.08202744 0.66
1023.05412292 0.661428571429
1024.23810959 0.662857142857
1039.72506523 0.664285714286
1066.85709953 0.665714285714
1078.65285873 0.667142857143
1085.15191078 0.668571428571
1085.90817451 0.67
1093.43886375 0.671428571429
1094.76995468 0.672857142857
1113.06190491 0.674285714286
1114.20106888 0.675714285714
1168.22695732 0.677142857143
1175.85897446 0.678571428571
1187.56699562 0.68
1187.6540184 0.681428571429
1215.80600739 0.682857142857
1236.6399765 0.684285714286
1265.71512222 0.685714285714
1287.85395622 0.687142857143
1328.77111435 0.688571428571
1330.26099205 0.69
1330.55090904 0.691428571429
1330.92093468 0.692857142857
1373.13604355 0.694285714286
1377.31599808 0.695714285714
1382.99608231 0.697142857143
1392.19999313 0.698571428571
1394.03891563 0.7
1419.37398911 0.701428571429
1456.53295517 0.702857142857
1477.06389427 0.704285714286
1532.61709213 0.705714285714
1535.39705276 0.707142857143
1558.81905556 0.708571428571
1559.22293663 0.71
1569.24009323 0.711428571429
1598.71101379 0.712857142857
1607.0189476 0.714285714286
1610.27193069 0.715714285714
1620.95689774 0.717142857143
1644.68693733 0.718571428571
1644.80805397 0.72
1645.31207085 0.721428571429
1669.47698593 0.722857142857
1670.33791542 0.724285714286
1672.03807831 0.725714285714
1688.50278854 0.727142857143
1689.7919178 0.728571428571
1690.68598747 0.73
1691.06912613 0.731428571429
1696.13313675 0.732857142857
1705.09195328 0.734285714286
1717.01407433 0.735714285714
1720.277071 0.737142857143
1722.59616852 0.738571428571
1747.59316444 0.74
1747.69306183 0.741428571429
1748.97813797 0.742857142857
1750.04816055 0.744285714286
1750.41007996 0.745714285714
1751.32894516 0.747142857143
1756.37292862 0.748571428571
1759.9439621 0.75
1761.43312454 0.751428571429
1766.54100418 0.752857142857
1783.40005875 0.754285714286
1783.42318535 0.755714285714
1813.16900253 0.757142857143
1817.26193428 0.758571428571
1820.91283798 0.76
1823.73595238 0.761428571429
1832.29017258 0.762857142857
1838.19913864 0.764285714286
1859.60793495 0.765714285714
1860.88204384 0.767142857143
1861.48905754 0.768571428571
1862.77198792 0.77
1865.86284637 0.771428571429
1876.30987167 0.772857142857
1881.74080849 0.774285714286
1894.22011375 0.775714285714
1897.03202248 0.777142857143
1901.69811249 0.778571428571
1927.36101151 0.78
1944.52095032 0.781428571429
1960.7899189 0.782857142857
1962.56017685 0.784285714286
1962.61000633 0.785714285714
1962.71014214 0.787142857143
1963.16504478 0.788571428571
1971.52709961 0.79
1982.43689537 0.791428571429
1982.86104202 0.792857142857
2073.20904732 0.794285714286
2110.23283005 0.795714285714
2125.12803078 0.797142857143
2127.62284279 0.798571428571
2133.05401802 0.8
2138.89098167 0.801428571429
2218.03617477 0.802857142857
2254.19688225 0.804285714286
2261.9972229 0.805714285714
2269.37198639 0.807142857143
2302.25110054 0.808571428571
2304.92687225 0.81
2312.47901917 0.811428571429
2335.96110344 0.812857142857
2336.24505997 0.814285714286
2341.18413925 0.815714285714
2351.39894485 0.817142857143
2351.79519653 0.818571428571
2355.61108589 0.82
2419.56806183 0.821428571429
2420.01914978 0.822857142857
2430.35387993 0.824285714286
2448.85396957 0.825714285714
2453.42302322 0.827142857143
2459.00201797 0.828571428571
2460.97803116 0.83
2467.81897545 0.831428571429
2507.18307495 0.832857142857
2517.40884781 0.834285714286
2530.02500534 0.835714285714
2561.64002419 0.837142857143
2581.2330246 0.838571428571
2601.2711525 0.84
2605.64017296 0.841428571429
2635.36214828 0.842857142857
2662.93096542 0.844285714286
2670.87602615 0.845714285714
2686.76018715 0.847142857143
2695.17803192 0.848571428571
2713.04297447 0.85
2724.88498688 0.851428571429
2810.07695198 0.852857142857
2825.85096359 0.854285714286
2956.24494553 0.855714285714
2985.59117317 0.857142857143
3020.03383636 0.858571428571
3111.78684235 0.86
3112.10584641 0.861428571429
3146.24500275 0.862857142857
3150.91991425 0.864285714286
3152.11200714 0.865714285714
3158.67781639 0.867142857143
3159.05213356 0.868571428571
3159.41786766 0.87
3159.76691246 0.871428571429
3161.40198708 0.872857142857
3184.89003181 0.874285714286
3185.43386459 0.875714285714
3186.31100655 0.877142857143
3196.2659359 0.878571428571
3198.49395752 0.88
3198.74405861 0.881428571429
3198.97699356 0.882857142857
3199.66983795 0.884285714286
3245.7420826 0.885714285714
3247.63607979 0.887142857143
3270.85185051 0.888571428571
3281.70704842 0.89
3282.03082085 0.891428571429
3289.74986076 0.892857142857
3299.27206039 0.894285714286
3299.36599731 0.895714285714
3299.47710037 0.897142857143
3314.48197365 0.898571428571
3314.69202042 0.9
3315.19985199 0.901428571429
3326.29108429 0.902857142857
3327.43501663 0.904285714286
3329.41293716 0.905714285714
3331.33506775 0.907142857143
3347.56612778 0.908571428571
3353.02996635 0.91
3363.6610508 0.911428571429
3380.40304184 0.912857142857
3389.55497742 0.914285714286
3390.04802704 0.915714285714
3394.04797554 0.917142857143
3394.24490929 0.918571428571
3394.68097687 0.92
3439.72802162 0.921428571429
3441.84613228 0.922857142857
3477.86307335 0.924285714286
3570.90687752 0.925714285714
3571.48599625 0.927142857143
3571.58589363 0.928571428571
3593.37186813 0.93
3657.04703331 0.931428571429
3682.4491024 0.932857142857
3683.00294876 0.934285714286
4173.2339859 0.935714285714
4268.84818077 0.937142857143
4304.67605591 0.938571428571
4321.56991959 0.94
4324.40519333 0.941428571429
4377.21896172 0.942857142857
4420.3081131 0.944285714286
4420.50099373 0.945714285714
4470.51692009 0.947142857143
4485.84485054 0.948571428571
4499.46904182 0.95
4502.30002403 0.951428571429
4509.10902023 0.952857142857
4509.54198837 0.954285714286
4511.29698753 0.955714285714
4582.01503754 0.957142857143
4607.89489746 0.958571428571
4617.90990829 0.96
4631.92605972 0.961428571429
4631.93297386 0.962857142857
4653.29813957 0.964285714286
4818.50886345 0.965714285714
4967.39792824 0.967142857143
4968.91689301 0.968571428571
5120.49412727 0.97
5170.7470417 0.971428571429
5253.44896317 0.972857142857
5462.61119843 0.974285714286
8087.01109886 0.975714285714
9126.12318993 0.977142857143
9246.31690979 0.978571428571
9251.58905983 0.98
9359.91692543 0.981428571429
9360.65006256 0.982857142857
9364.55392838 0.984285714286
9812.97087669 0.985714285714
9888.21005821 0.987142857143
9889.76120949 0.988571428571
9889.83297348 0.99
9890.25497437 0.991428571429
9891.7350769 0.992857142857
10494.3320751 0.994285714286
10776.6311169 0.995714285714
10860.2750301 0.997142857143
10951.556921 0.998571428571
