4286.55791283 0.0
4512.28284836 0.01
4801.0327816 0.02
4886.61599159 0.03
4979.30788994 0.04
5056.79702759 0.05
5196.53701782 0.06
5355.78012466 0.07
5463.91510963 0.08
5735.30983925 0.09
6120.1300621 0.1
6163.25688362 0.11
6189.93210793 0.12
6209.58995819 0.13
6214.5152092 0.14
6241.20402336 0.15
6242.96712875 0.16
6251.24287605 0.17
6262.1319294 0.18
6266.03794098 0.19
6280.37214279 0.2
6303.21311951 0.21
6304.57091331 0.22
6309.32712555 0.23
6309.38410759 0.24
6313.25507164 0.25
6331.18104935 0.26
6332.29517937 0.27
6348.46186638 0.28
6350.8169651 0.29
6361.73796654 0.3
6365.76199532 0.31
6375.10704994 0.32
6400.88605881 0.33
6402.12082863 0.34
6415.78197479 0.35
6416.19706154 0.36
6438.91406059 0.37
6451.6749382 0.38
6459.20205116 0.39
6459.39207077 0.4
6460.26802063 0.41
6460.40701866 0.42
6469.1619873 0.43
6474.00593758 0.44
6474.14898872 0.45
6475.95906258 0.46
6479.74205017 0.47
6480.57985306 0.48
6485.90278625 0.49
6494.05384064 0.5
6494.28009987 0.51
6500.68306923 0.52
6504.18686867 0.53
6506.20102882 0.54
6507.61890411 0.55
6507.83896446 0.56
6510.09607315 0.57
6512.18795776 0.58
6513.10682297 0.59
6513.25106621 0.6
6513.91196251 0.61
6520.47109604 0.62
6524.96004105 0.63
6527.32300758 0.64
6527.81915665 0.65
6529.30402756 0.66
6530.33995628 0.67
6540.99488258 0.68
6545.10211945 0.69
6550.12798309 0.7
6556.67209625 0.71
6590.05498886 0.72
6619.27580833 0.73
6646.77786827 0.74
6648.41198921 0.75
6658.1261158 0.76
6658.51020813 0.77
6666.35084152 0.78
6689.75901604 0.79
6690.17219543 0.8
6691.35212898 0.81
6692.17610359 0.82
6699.88512993 0.83
6701.20620728 0.84
6701.42602921 0.85
6704.39600945 0.86
6705.44099808 0.87
6713.65690231 0.88
6715.76404572 0.89
6719.76089478 0.9
6720.66807747 0.91
6721.9889164 0.92
6722.00393677 0.93
6722.00608253 0.94
6722.8910923 0.95
6724.50494766 0.96
6724.63607788 0.97
6724.70498085 0.98
6724.96390343 0.99
